20 20
1 1 1 1 1 1 1 1 1 1 1 1 1 1 1 1 1 1 1 1
1 1 3 1 9 1 1 3 1 9 1 1 3 1 9 1 1 3 1 9
1 1 6 1 1 1 1 6 1 1 1 1 6 1 1 1 1 6 1 1
1 1 3 1 1 1 1 3 1 1 1 1 3 1 1 1 1 3 1 1
1 1 1 1 1 1 1 1 1 1 1 1 1 1 1 1 1 1 1 1
1 1 1 1 1 1 1 1 1 1 1 1 1 1 1 1 1 1 1 1
1 1 3 1 9 1 1 3 1 9 1 1 3 1 9 1 1 3 1 9
1 1 6 1 100 1 1 6 1 1 1 1 6 1 1 1 1 6 1 1
1 1 3 1 1 1 1 3 1 1 1 1 3 1 1 1 1 3 1 1
1 1 1 1 1 1 1 1 1 1 1 1 1 1 1 1 1 1 1 1
1 1 1 1 1 1 1 1 1 1 1 1 1 1 1 1 1 1 1 1
1 1 3 1 9 1 1 3 1 9 1 1 3 1 9 1 1 3 1 9
1 1 6 1 1 1 1 6 1 1 1 1 6 1 1 1 1 6 1 1
1 1 3 1 1 1 1 3 1 1 1 1 3 1 1 1 1 3 1 1
1 1 1 1 1 1 1 1 1 1 1 1 1 1 1 1 1 1 1 1
1 1 1 1 1 1 1 1 1 1 1 1 1 1 1 1 1 1 1 1
1 1 3 1 9 1 1 3 1 9 1 1 3 1 9 1 1 3 1 9
1 1 6 1 1 1 1 6 1 1 1 1 6 1 1 1 1 6 1 1
1 1 3 1 1 1 1 3 1 1 1 1 3 1 1 1 1 3 1 1
1 1 1 1 1 1 1 1 1 1 1 1 1 1 1 1 1 1 1 1
